# Individual channel parallax fits (inverse PR)
# masertrack_fit v1.1
#  group_id grade        vlsr          pi    sigma_pi        mu_x        mu_y  chi2_red  floor_ra floor_dec
         1     B    -50.4200      0.4385      0.0571     -1.7603      1.0371      0.91    0.0061    0.0586
         1     B    -50.0000      0.4526      0.0154     -1.6906      1.0240      0.96    0.0062    0.0335
         1     B    -49.5800      0.4639      0.0376     -1.9134      1.0360      0.95    0.0130    0.0539
         2     A    -42.8400      0.4948      0.0179     -1.4901      0.6327      1.00    0.0246    0.0246
         2     A    -42.0000      0.4821      0.0197     -1.4998      0.6603      1.00    0.0345    0.0345
         2     A    -41.1600      0.4624      0.0364     -1.5651      0.6524      1.00    0.0506    0.0506
         3     A    -35.8400      0.4980      0.0251     -1.9689      0.9650      1.00    0.0397    0.0397
         3     A    -35.4200      0.4726      0.0271     -1.9897      0.9172      1.00    0.0476    0.0476
         3     A    -35.0000      0.4996      0.0153     -2.0021      0.9522      1.00    0.0270    0.0270
         3     A    -34.5800      0.5017      0.0028     -1.9953      0.9979      0.11    0.0000    0.0000
         3     A    -34.1600      0.5242      0.0440     -1.8744      0.8883      1.00    0.0719    0.0719
         4     A    -28.8400      0.4998      0.0568     -2.2930      1.7173      0.82    0.0000    0.0000
         4     A    -28.4200      0.4664      0.0205     -2.2795      1.7277      1.00    0.0304    0.0304
         4     A    -28.0000      0.4740      0.0275     -2.3090      1.7190      1.00    0.0478    0.0478
         4     A    -27.5800      0.4884      0.0240     -2.2664      1.7017      1.00    0.0406    0.0406
         4     A    -27.1600      0.5341      0.0593     -2.1327      1.8078      1.00    0.0921    0.0921
