# Individual channel parallax fits (normal PR)
# masertrack_fit v1.1
#  group_id grade        vlsr          pi    sigma_pi        mu_x        mu_y  chi2_red  floor_ra floor_dec
         1     B    -50.4200      0.5505      0.0568     -1.8208      1.0638      0.30    0.0000    0.0000
         1     B    -50.0000      0.5178      0.0276     -1.8087      1.0531      1.00    0.0250    0.0250
         1     B    -49.5800      0.5020      0.0656     -1.7732      1.1336      1.00    0.0583    0.0583
         2     A    -42.8400      0.5042      0.0113     -1.4866      0.7062      0.90    0.0000    0.0000
         2     A    -42.0000      0.5186      0.0084     -1.5156      0.6795      1.00    0.0137    0.0137
         2     A    -41.1600      0.5156      0.0249     -1.4318      0.6709      1.00    0.0173    0.0173
         3     A    -35.8400      0.5000      0.0114     -2.0056      1.0094      1.00    0.0032    0.0032
         3     A    -35.4200      0.5090      0.0038     -1.9837      0.9752      0.98    0.0000    0.0000
         3     A    -35.0000      0.5172      0.0122     -2.0535      0.9965      1.00    0.0213    0.0213
         3     A    -34.5800      0.4820      0.0244     -2.0890      0.9873      1.00    0.0430    0.0430
         3     A    -34.1600      0.4634      0.0355     -1.8862      1.0592      1.00    0.0554    0.0554
         4     A    -28.8400      0.5743      0.0573     -2.4335      1.7594      0.72    0.0000    0.0000
         4     A    -28.4200      0.4964      0.0137     -2.3030      1.7978      1.00    0.0137    0.0137
         4     A    -28.0000      0.4904      0.0186     -2.2884      1.7824      1.00    0.0315    0.0315
         4     A    -27.5800      0.4393      0.0300     -2.3241      1.8650      1.00    0.0518    0.0518
         4     A    -27.1600      0.5341      0.0317     -2.2537      1.7999      1.00    0.0249    0.0249
