# Tracked spots (normal PR)
# masertrack_match v1.1
#  group_id grade epoch      mjd     dec_year n_stations flag use_for_pi         vlsr            x            y        x_err        y_err         flux
          1     B   e01    59653    2022.1999          4               1     -50.4200      -3.5550      -5.6468       0.0602       0.0602       0.4942
          1     B   e01    59653    2022.1999          4               1     -50.0000      -3.5193      -5.5566       0.0150       0.0150       2.0437
          1     B   e01    59653    2022.1999          4               1     -49.5800      -3.5639      -5.6090       0.0375       0.0375       0.8160
          1     B   e02    59731    2022.4134          4               1     -50.4200      -3.6109      -5.3236       0.0600       0.0600       0.5044
          1     B   e02    59731    2022.4134          4               1     -50.0000      -3.6247      -5.3222       0.0150       0.0150       1.9842
          1     B   e02    59731    2022.4134          4               1     -49.5800      -3.4960      -5.3046       0.0375       0.0375       0.8124
          1     B   e04    59893    2022.8569          4               1     -50.4200      -3.8276      -4.9321       0.0600       0.0600       0.5191
          1     B   e04    59893    2022.8569          4               1     -50.0000      -3.8437      -4.9382       0.0150       0.0150       2.0035
          1     B   e04    59893    2022.8569          4               1     -49.5800      -3.8601      -4.8358       0.0375       0.0375       0.7934
          1     B   e05    59969    2023.0650          4               1     -50.4200      -4.8789      -4.7380       0.0600       0.0600       0.5252
          1     B   e05    59969    2023.0650          4               1     -50.0000      -4.8617      -4.6522       0.0150       0.0150       2.0009
          1     B   e05    59969    2023.0650          4               1     -49.5800      -4.8094      -4.6592       0.0375       0.0375       0.7970
          2     A   e01    59653    2022.1999          4               1     -42.6300      -7.6747       5.6392       0.0200       0.0200       1.5010
          2     A   e01    59653    2022.1999          4               1     -42.2100      -7.6879       5.6250       0.0060       0.0060       4.9870
          2     A   e01    59653    2022.1999          4               1     -41.7900      -7.6548       5.6439       0.0086       0.0086       3.4931
          2     A   e01    59653    2022.1999          4               1     -41.3700      -7.7149       5.6756       0.0400       0.0400       0.7436
          2     A   e02    59731    2022.4134          4               1     -42.6300      -7.7050       5.7907       0.0200       0.0200       1.5150
          2     A   e02    59731    2022.4134          4               1     -42.2100      -7.6976       5.7944       0.0060       0.0060       5.0014
          2     A   e02    59731    2022.4134          4               1     -41.7900      -7.7090       5.7560       0.0086       0.0086       3.5181
          2     A   e02    59731    2022.4134          4               1     -41.3700      -7.7782       5.7696       0.0411       0.0411       0.7236
          2     A   e03    59811    2022.6324          4               1     -42.6300      -7.4321       5.9332       0.0200       0.0200       1.5196
          2     A   e03    59811    2022.6324          4               1     -42.2100      -7.4147       5.9305       0.0060       0.0060       4.9653
          2     A   e03    59811    2022.6324          4               1     -41.7900      -7.4168       5.9584       0.0086       0.0086       3.4894
          2     A   e03    59811    2022.6324          4               1     -41.3700      -7.4042       5.9523       0.0413       0.0413       0.7201
          2     A   e04    59893    2022.8569          4               1     -42.6300      -7.7915       6.0372       0.0200       0.0200       1.4867
          2     A   e04    59893    2022.8569          4               1     -42.2100      -7.8007       6.0679       0.0060       0.0060       4.9946
          2     A   e04    59893    2022.8569          4               1     -41.7900      -7.7951       6.0199       0.0086       0.0086       3.4882
          2     A   e04    59893    2022.8569          4               1     -41.3700      -7.8273       6.0091       0.0400       0.0400       0.7606
          2     A   e05    59969    2023.0650          4               1     -42.6300      -8.7328       6.2396       0.0200       0.0200       1.4931
          2     A   e05    59969    2023.0650          4               1     -42.2100      -8.7871       6.1833       0.0060       0.0060       4.9855
          2     A   e05    59969    2023.0650          4               1     -41.7900      -8.7705       6.1995       0.0086       0.0086       3.4863
          2     A   e05    59969    2023.0650          4               1     -41.3700      -8.7175       6.1546       0.0406       0.0406       0.7318
          2     A   e06    60049    2023.2841          4               1     -42.6300      -9.2758       6.4028       0.0200       0.0200       1.5002
          2     A   e06    60049    2023.2841          4               1     -42.2100      -9.2915       6.3761       0.0060       0.0060       4.9896
          2     A   e06    60049    2023.2841          4               1     -41.7900      -9.2865       6.4118       0.0086       0.0086       3.5009
          2     A   e06    60049    2023.2841          4               1     -41.3700      -9.2721       6.4339       0.0405       0.0405       0.7333
          3     A   e01    59653    2022.1999          4               1     -35.8400       5.6068       2.4818       0.0202       0.0202       1.4707
          3     A   e01    59653    2022.1999          4               1     -35.4200       5.5842       2.4766       0.0067       0.0067       4.5169
          3     A   e01    59653    2022.1999          4               1     -35.0000       5.6176       2.4594       0.0030       0.0030      10.0183
          3     A   e01    59653    2022.1999          4               1     -34.5800       5.6104       2.4922       0.0050       0.0050       5.9939
          3     A   e01    59653    2022.1999          4               1     -34.1600       5.5603       2.4321       0.0300       0.0300       1.0111
          3     A   e02    59731    2022.4134          4               1     -35.8400       5.4658       2.6979       0.0200       0.0200       1.4902
          3     A   e02    59731    2022.4134          4               1     -35.4200       5.4726       2.7216       0.0067       0.0067       4.5043
          3     A   e02    59731    2022.4134          4               1     -35.0000       5.4824       2.7411       0.0030       0.0030       9.9795
          3     A   e02    59731    2022.4134          4               1     -34.5800       5.5303       2.6521       0.0050       0.0050       5.9941
          3     A   e02    59731    2022.4134          4               1     -34.1600       5.4129       2.7358       0.0301       0.0301       0.9874
          3     A   e03    59811    2022.6324          4               1     -35.8400       5.6325       2.8739       0.0200       0.0200       1.4899
          3     A   e03    59811    2022.6324          4               1     -35.4200       5.6392       2.9101       0.0067       0.0067       4.4691
          3     A   e03    59811    2022.6324          4               1     -35.0000       5.6412       2.9260       0.0030       0.0030      10.0160
          3     A   e03    59811    2022.6324          4               1     -34.5800       5.6271       2.8963       0.0050       0.0050       5.9841
          3     A   e03    59811    2022.6324          4               1     -34.1600       5.6443       2.9887       0.0300       0.0300       1.0129
          3     A   e04    59893    2022.8569          4               1     -35.8400       5.1309       3.0843       0.0200       0.0200       1.5160
          3     A   e04    59893    2022.8569          4               1     -35.4200       5.1438       3.0920       0.0067       0.0067       4.4974
          3     A   e04    59893    2022.8569          4               1     -35.0000       5.1502       3.1034       0.0030       0.0030       9.9954
          3     A   e04    59893    2022.8569          4               1     -34.5800       5.0557       3.1488       0.0050       0.0050       5.9775
          3     A   e04    59893    2022.8569          4               1     -34.1600       5.0381       3.1100       0.0300       0.0300       1.0015
          3     A   e05    59969    2023.0650          4               1     -35.8400       4.1038       3.3476       0.0200       0.0200       1.5026
          3     A   e05    59969    2023.0650          4               1     -35.4200       4.1046       3.2995       0.0067       0.0067       4.5250
          3     A   e05    59969    2023.0650          4               1     -35.0000       4.0942       3.3378       0.0030       0.0030       9.9997
          3     A   e05    59969    2023.0650          4               1     -34.5800       4.0145       3.3154       0.0050       0.0050       6.0118
          3     A   e05    59969    2023.0650          4               1     -34.1600       4.1234       3.4611       0.0300       0.0300       0.9975
          3     A   e06    60049    2023.2841          4               1     -35.8400       3.4461       3.5642       0.0200       0.0200       1.4970
          3     A   e06    60049    2023.2841          4               1     -35.4200       3.4588       3.5557       0.0067       0.0067       4.4829
          3     A   e06    60049    2023.2841          4               1     -35.0000       3.3967       3.5604       0.0030       0.0030      10.0182
          3     A   e06    60049    2023.2841          4               1     -34.5800       3.4309       3.5244       0.0050       0.0050       6.0214
          3     A   e06    60049    2023.2841          4               1     -34.1600       3.5616       3.5652       0.0300       0.0300       1.0477
          4     A   e01    59653    2022.1999          4               1     -28.8400       2.7163     -11.0903       0.1000       0.1000       0.3073
          4     A   e01    59653    2022.1999          4               1     -28.4200       2.7560     -10.9738       0.0202       0.0202       1.4747
          4     A   e01    59653    2022.1999          4               1     -28.0000       2.7403     -10.9856       0.0100       0.0100       3.0111
          4     A   e01    59653    2022.1999          4               1     -27.5800       2.7977     -11.0455       0.0125       0.0125       2.3911
          4     A   e01    59653    2022.1999          4               1     -27.1600       2.7438     -10.9258       0.0500       0.0500       0.6027
          4     A   e02    59731    2022.4134          4               1     -28.8400       2.4504     -10.6010       0.1000       0.1000       0.3051
          4     A   e02    59731    2022.4134          4               1     -28.4200       2.5714     -10.5973       0.0200       0.0200       1.4964
          4     A   e02    59731    2022.4134          4               1     -28.0000       2.6014     -10.5590       0.0100       0.0100       3.0000
          4     A   e02    59731    2022.4134          4               1     -27.5800       2.6288     -10.5607       0.0125       0.0125       2.4179
          4     A   e02    59731    2022.4134          4               1     -27.1600       2.5712     -10.6176       0.0500       0.0500       0.6008
          4     A   e03    59811    2022.6324          4               1     -28.8400       2.6845     -10.0805       0.1000       0.1000       0.3199
          4     A   e03    59811    2022.6324          4               1     -28.4200       2.6380     -10.2188       0.0200       0.0200       1.5121
          4     A   e03    59811    2022.6324          4               1     -28.0000       2.6606     -10.1841       0.0100       0.0100       2.9909
          4     A   e03    59811    2022.6324          4               1     -27.5800       2.6607     -10.1581       0.0125       0.0125       2.3949
          4     A   e03    59811    2022.6324          4               1     -27.1600       2.7051     -10.0997       0.0500       0.0500       0.6312
          4     A   e04    59893    2022.8569          4               1     -28.8400       2.0533      -9.8923       0.1045       0.1045       0.2845
          4     A   e04    59893    2022.8569          4               1     -28.4200       2.1027      -9.8136       0.0200       0.0200       1.4976
          4     A   e04    59893    2022.8569          4               1     -28.0000       2.0729      -9.8072       0.0100       0.0100       2.9782
          4     A   e04    59893    2022.8569          4               1     -27.5800       1.9719      -9.8824       0.0125       0.0125       2.4107
          4     A   e04    59893    2022.8569          4               1     -27.1600       2.1931      -9.7992       0.0517       0.0517       0.5752
          4     A   e05    59969    2023.0650          4               1     -28.8400       0.7649      -9.5847       0.1039       0.1039       0.2862
          4     A   e05    59969    2023.0650          4               1     -28.4200       0.9773      -9.4173       0.0200       0.0200       1.4972
          4     A   e05    59969    2023.0650          4               1     -28.0000       0.9544      -9.4906       0.0100       0.0100       2.9847
          4     A   e05    59969    2023.0650          4               1     -27.5800       1.0050      -9.4516       0.0125       0.0125       2.3955
          4     A   e05    59969    2023.0650          4               1     -27.1600       0.9697      -9.3616       0.0500       0.0500       0.6187
          4     A   e06    60049    2023.2841          4               1     -28.8400       0.1195      -9.0897       0.1020       0.1020       0.2916
          4     A   e06    60049    2023.2841          4               1     -28.4200       0.2893      -9.0501       0.0200       0.0200       1.5058
          4     A   e06    60049    2023.2841          4               1     -28.0000       0.3389      -9.0125       0.0100       0.0100       2.9839
          4     A   e06    60049    2023.2841          4               1     -27.5800       0.3522      -8.9477       0.0125       0.0125       2.4205
          4     A   e06    60049    2023.2841          4               1     -27.1600       0.3497      -9.0249       0.0500       0.0500       0.6062
