# Tracked features (inverse PR)
# masertrack_match v1.1
#  group_id grade feature_id epoch      mjd     dec_year n_stations flag use_for_pi         vlsr            x            y        x_err        y_err         flux n_feat_channels
          1     B          4   e01    59653    2022.1999          4               1     -50.0000      -3.4891      -5.6026       0.0240       0.0280       2.0084               3
          1     B          4   e02    59731    2022.4134          4               1     -50.0000      -3.6018      -5.3655       0.0148       0.0153       2.0039               3
          1     B          4   e04    59893    2022.8569          4               1     -50.0000      -3.8832      -5.0195       0.0214       0.0306       2.0069               3
          1     B          4   e05    59969    2023.0650          4               1     -50.0000      -4.8062      -4.6993       0.0404       0.0146       2.0344               3
          2     A          2   e01    59653    2022.1999          4               1     -42.2100      -7.6578       5.6273       0.0059       0.0140       5.0035               4
          2     A          2   e02    59731    2022.4134          4               1     -42.2100      -7.6849       5.7583       0.0131       0.0087       5.0044               4
          2     A          2   e03    59811    2022.6324          4               1     -42.2100      -7.4119       5.9621       0.0059       0.0081       5.0016               4
          2     A          2   e04    59893    2022.8569          4               1     -42.2100      -7.8485       6.0025       0.0059       0.0098       5.0046               4
          2     A          2   e05    59969    2023.0650          4               1     -42.2100      -8.7035       6.1283       0.0191       0.0140       4.9930               4
          2     A          2   e06    60049    2023.2841          4               1     -42.2100      -9.2476       6.3714       0.0062       0.0145       5.0044               4
          3     A          1   e01    59653    2022.1999          4               1     -35.0000       5.6069       2.4698       0.0064       0.0074       9.9765               5
          3     A          1   e02    59731    2022.4134          4               1     -35.0000       5.4723       2.7011       0.0058       0.0044       9.9884               5
          3     A          1   e03    59811    2022.6324          4               1     -35.0000       5.6443       2.9361       0.0045       0.0177      10.0193               5
          3     A          1   e04    59893    2022.8569          4               1     -35.0000       5.1108       3.0502       0.0116       0.0231       9.9932               5
          3     A          1   e05    59969    2023.0650          4               1     -35.0000       4.1230       3.2696       0.0094       0.0215      10.0305               5
          3     A          1   e06    60049    2023.2841          4               1     -35.0000       3.4583       3.5425       0.0099       0.0125       9.9990               5
          4     A          3   e01    59653    2022.1999          4               1     -28.0000       2.7720     -10.9410       0.0099       0.0291       3.0148               5
          4     A          3   e02    59731    2022.4134          4               1     -28.0000       2.5653     -10.5842       0.0126       0.0102       3.0016               5
          4     A          3   e03    59811    2022.6324          4               1     -28.0000       2.6807     -10.1388       0.0124       0.0144       3.0321               5
          4     A          3   e04    59893    2022.8569          4               1     -28.0000       2.0333      -9.8873       0.0107       0.0099       3.0023               5
          4     A          3   e05    59969    2023.0650          4               1     -28.0000       1.0178      -9.5192       0.0099       0.0110       3.0033               5
          4     A          3   e06    60049    2023.2841          4               1     -28.0000       0.3248      -9.0420       0.0099       0.0102       2.9968               5
