# Tracked spots (inverse PR)
# masertrack_match v1.1
#  group_id grade epoch      mjd     dec_year n_stations flag use_for_pi         vlsr            x            y        x_err        y_err         flux
          1     B   e01    59653    2022.1999          4               1     -50.4200      -3.4811      -5.6224       0.0600       0.0600       0.5056
          1     B   e01    59653    2022.1999          4               1     -50.0000      -3.5108      -5.5763       0.0150       0.0150       2.0084
          1     B   e01    59653    2022.1999          4               1     -49.5800      -3.4392      -5.6566       0.0376       0.0376       0.7916
          1     B   e02    59731    2022.4134          4               1     -50.4200      -3.5722      -5.4020       0.0600       0.0600       0.5007
          1     B   e02    59731    2022.4134          4               1     -50.0000      -3.6105      -5.3717       0.0150       0.0150       2.0039
          1     B   e02    59731    2022.4134          4               1     -49.5800      -3.5985      -5.3281       0.0375       0.0375       0.8213
          1     B   e04    59893    2022.8569          4               1     -50.4200      -3.8986      -5.0982       0.0600       0.0600       0.5091
          1     B   e04    59893    2022.8569          4               1     -50.0000      -3.8630      -4.9893       0.0150       0.0150       2.0069
          1     B   e04    59893    2022.8569          4               1     -49.5800      -3.9239      -5.0452       0.0375       0.0375       0.8044
          1     B   e05    59969    2023.0650          4               1     -50.4200      -4.7955      -4.6863       0.0600       0.0600       0.4978
          1     B   e05    59969    2023.0650          4               1     -50.0000      -4.7726      -4.6965       0.0150       0.0150       2.0344
          1     B   e05    59969    2023.0650          4               1     -49.5800      -4.8958      -4.7140       0.0375       0.0375       0.8219
          2     A   e01    59653    2022.1999          4               1     -42.6300      -7.6535       5.6479       0.0200       0.0200       1.4914
          2     A   e01    59653    2022.1999          4               1     -42.2100      -7.6585       5.6098       0.0060       0.0060       5.0035
          2     A   e01    59653    2022.1999          4               1     -41.7900      -7.6585       5.6435       0.0086       0.0086       3.5004
          2     A   e01    59653    2022.1999          4               1     -41.3700      -7.5714       5.6259       0.0405       0.0405       0.7348
          2     A   e02    59731    2022.4134          4               1     -42.6300      -7.7342       5.7866       0.0200       0.0200       1.4834
          2     A   e02    59731    2022.4134          4               1     -42.2100      -7.6708       5.7479       0.0060       0.0060       5.0044
          2     A   e02    59731    2022.4134          4               1     -41.7900      -7.6842       5.7613       0.0086       0.0086       3.4949
          2     A   e02    59731    2022.4134          4               1     -41.3700      -7.6378       5.6660       0.0400       0.0400       0.7459
          2     A   e03    59811    2022.6324          4               1     -42.6300      -7.4122       5.9625       0.0200       0.0200       1.4864
          2     A   e03    59811    2022.6324          4               1     -42.2100      -7.4105       5.9709       0.0060       0.0060       5.0016
          2     A   e03    59811    2022.6324          4               1     -41.7900      -7.4138       5.9493       0.0086       0.0086       3.5048
          2     A   e03    59811    2022.6324          4               1     -41.3700      -7.4470       5.9757       0.0400       0.0400       0.7570
          2     A   e04    59893    2022.8569          4               1     -42.6300      -7.8261       5.9851       0.0200       0.0200       1.5145
          2     A   e04    59893    2022.8569          4               1     -42.2100      -7.8500       5.9953       0.0060       0.0060       5.0046
          2     A   e04    59893    2022.8569          4               1     -41.7900      -7.8559       6.0202       0.0086       0.0086       3.5151
          2     A   e04    59893    2022.8569          4               1     -41.3700      -7.7946       6.0296       0.0400       0.0400       0.7561
          2     A   e05    59969    2023.0650          4               1     -42.6300      -8.7550       6.1667       0.0200       0.0200       1.5122
          2     A   e05    59969    2023.0650          4               1     -42.2100      -8.7118       6.1342       0.0060       0.0060       4.9930
          2     A   e05    59969    2023.0650          4               1     -41.7900      -8.6694       6.1034       0.0086       0.0086       3.5039
          2     A   e05    59969    2023.0650          4               1     -41.3700      -8.7552       6.0641       0.0400       0.0400       0.7497
          2     A   e06    60049    2023.2841          4               1     -42.6300      -9.2526       6.3579       0.0200       0.0200       1.5082
          2     A   e06    60049    2023.2841          4               1     -42.2100      -9.2536       6.3579       0.0060       0.0060       5.0044
          2     A   e06    60049    2023.2841          4               1     -41.7900      -9.2369       6.3966       0.0086       0.0086       3.4937
          2     A   e06    60049    2023.2841          4               1     -41.3700      -9.2384       6.3483       0.0400       0.0400       0.7639
          3     A   e01    59653    2022.1999          4               1     -35.8400       5.5964       2.4546       0.0202       0.0202       1.4701
          3     A   e01    59653    2022.1999          4               1     -35.4200       5.6257       2.4832       0.0067       0.0067       4.4946
          3     A   e01    59653    2022.1999          4               1     -35.0000       5.6019       2.4600       0.0030       0.0030       9.9765
          3     A   e01    59653    2022.1999          4               1     -34.5800       5.6010       2.4760       0.0050       0.0050       6.0059
          3     A   e01    59653    2022.1999          4               1     -34.1600       5.5096       2.4876       0.0300       0.0300       0.9949
          3     A   e02    59731    2022.4134          4               1     -35.8400       5.4086       2.6588       0.0200       0.0200       1.5090
          3     A   e02    59731    2022.4134          4               1     -35.4200       5.4649       2.6887       0.0067       0.0067       4.4951
          3     A   e02    59731    2022.4134          4               1     -35.0000       5.4680       2.7022       0.0030       0.0030       9.9884
          3     A   e02    59731    2022.4134          4               1     -34.5800       5.4852       2.7085       0.0050       0.0050       5.9790
          3     A   e02    59731    2022.4134          4               1     -34.1600       5.4549       2.7442       0.0302       0.0302       0.9851
          3     A   e03    59811    2022.6324          4               1     -35.8400       5.6172       2.9558       0.0200       0.0200       1.5020
          3     A   e03    59811    2022.6324          4               1     -35.4200       5.6312       2.9863       0.0067       0.0067       4.5151
          3     A   e03    59811    2022.6324          4               1     -35.0000       5.6479       2.9302       0.0030       0.0030      10.0193
          3     A   e03    59811    2022.6324          4               1     -34.5800       5.6481       2.9081       0.0050       0.0050       6.0043
          3     A   e03    59811    2022.6324          4               1     -34.1600       5.7168       2.9597       0.0301       0.0301       0.9877
          3     A   e04    59893    2022.8569          4               1     -35.8400       5.1276       3.0030       0.0200       0.0200       1.4997
          3     A   e04    59893    2022.8569          4               1     -35.4200       5.0842       3.0085       0.0067       0.0067       4.5069
          3     A   e04    59893    2022.8569          4               1     -35.0000       5.1084       3.0386       0.0030       0.0030       9.9932
          3     A   e04    59893    2022.8569          4               1     -34.5800       5.1347       3.1009       0.0050       0.0050       6.0027
          3     A   e04    59893    2022.8569          4               1     -34.1600       5.1014       2.9232       0.0300       0.0300       1.0028
          3     A   e05    59969    2023.0650          4               1     -35.8400       4.0722       3.2685       0.0200       0.0200       1.4868
          3     A   e05    59969    2023.0650          4               1     -35.4200       4.1480       3.2493       0.0067       0.0067       4.5282
          3     A   e05    59969    2023.0650          4               1     -35.0000       4.1218       3.2509       0.0030       0.0030      10.0305
          3     A   e05    59969    2023.0650          4               1     -34.5800       4.1061       3.3164       0.0050       0.0050       5.9931
          3     A   e05    59969    2023.0650          4               1     -34.1600       4.2100       3.3228       0.0303       0.0303       0.9817
          3     A   e06    60049    2023.2841          4               1     -35.8400       3.4734       3.5271       0.0200       0.0200       1.4899
          3     A   e06    60049    2023.2841          4               1     -35.4200       3.4734       3.5186       0.0067       0.0067       4.4835
          3     A   e06    60049    2023.2841          4               1     -35.0000       3.4452       3.5370       0.0030       0.0030       9.9990
          3     A   e06    60049    2023.2841          4               1     -34.5800       3.4688       3.5697       0.0050       0.0050       5.9829
          3     A   e06    60049    2023.2841          4               1     -34.1600       3.5009       3.4794       0.0305       0.0305       0.9734
          4     A   e01    59653    2022.1999          4               1     -28.8400       2.6756     -10.9632       0.1000       0.1000       0.2979
          4     A   e01    59653    2022.1999          4               1     -28.4200       2.7575     -10.9927       0.0200       0.0200       1.5065
          4     A   e01    59653    2022.1999          4               1     -28.0000       2.7841     -10.9583       0.0100       0.0100       3.0148
          4     A   e01    59653    2022.1999          4               1     -27.5800       2.7657     -10.8860       0.0125       0.0125       2.3704
          4     A   e01    59653    2022.1999          4               1     -27.1600       2.6538     -11.0586       0.0515       0.0515       0.5771
          4     A   e02    59731    2022.4134          4               1     -28.8400       2.5444     -10.4145       0.1000       0.1000       0.3081
          4     A   e02    59731    2022.4134          4               1     -28.4200       2.5545     -10.5579       0.0200       0.0200       1.4979
          4     A   e02    59731    2022.4134          4               1     -28.0000       2.5838     -10.5978       0.0100       0.0100       3.0016
          4     A   e02    59731    2022.4134          4               1     -27.5800       2.5489     -10.5837       0.0125       0.0125       2.4038
          4     A   e02    59731    2022.4134          4               1     -27.1600       2.5650     -10.5648       0.0500       0.0500       0.6069
          4     A   e03    59811    2022.6324          4               1     -28.8400       2.6146     -10.2124       0.1000       0.1000       0.3318
          4     A   e03    59811    2022.6324          4               1     -28.4200       2.6448     -10.1560       0.0201       0.0201       1.4806
          4     A   e03    59811    2022.6324          4               1     -28.0000       2.6845     -10.1176       0.0100       0.0100       3.0321
          4     A   e03    59811    2022.6324          4               1     -27.5800       2.6981     -10.1551       0.0125       0.0125       2.3932
          4     A   e03    59811    2022.6324          4               1     -27.1600       2.7483     -10.1009       0.0505       0.0505       0.5887
          4     A   e04    59893    2022.8569          4               1     -28.8400       1.9947      -9.9983       0.1000       0.1000       0.3198
          4     A   e04    59893    2022.8569          4               1     -28.4200       2.0138      -9.8963       0.0200       0.0200       1.5100
          4     A   e04    59893    2022.8569          4               1     -28.0000       2.0272      -9.8881       0.0100       0.0100       3.0023
          4     A   e04    59893    2022.8569          4               1     -27.5800       2.0534      -9.8805       0.0125       0.0125       2.3886
          4     A   e04    59893    2022.8569          4               1     -27.1600       2.1488      -9.8627       0.0500       0.0500       0.6104
          4     A   e05    59969    2023.0650          4               1     -28.8400       1.0007      -9.4487       0.1072       0.1072       0.2774
          4     A   e05    59969    2023.0650          4               1     -28.4200       1.0080      -9.5197       0.0200       0.0200       1.4853
          4     A   e05    59969    2023.0650          4               1     -28.0000       1.0092      -9.5334       0.0100       0.0100       3.0033
          4     A   e05    59969    2023.0650          4               1     -27.5800       1.0347      -9.5011       0.0125       0.0125       2.4019
          4     A   e05    59969    2023.0650          4               1     -27.1600       0.8664      -9.4512       0.0513       0.0513       0.5798
          4     A   e06    60049    2023.2841          4               1     -28.8400       0.2146      -8.9857       0.1034       0.1034       0.2874
          4     A   e06    60049    2023.2841          4               1     -28.4200       0.3197      -9.0594       0.0200       0.0200       1.4928
          4     A   e06    60049    2023.2841          4               1     -28.0000       0.3232      -9.0485       0.0100       0.0100       2.9968
          4     A   e06    60049    2023.2841          4               1     -27.5800       0.3299      -9.0229       0.0125       0.0125       2.3975
          4     A   e06    60049    2023.2841          4               1     -27.1600       0.5199      -9.0465       0.0515       0.0515       0.5773
