# Tracked features (normal PR)
# masertrack_match v1.1
#  group_id grade feature_id epoch      mjd     dec_year n_stations flag use_for_pi         vlsr            x            y        x_err        y_err         flux n_feat_channels
          1     B          4   e01    59653    2022.1999          4               1     -50.0000      -3.5354      -5.5826       0.0167       0.0264       2.0437               3
          1     B          4   e02    59731    2022.4134          4               1     -50.0000      -3.5909      -5.3181       0.0418       0.0150       1.9842               3
          1     B          4   e04    59893    2022.8569          4               1     -50.0000      -3.8451      -4.9127       0.0148       0.0325       2.0035               3
          1     B          4   e05    59969    2023.0650          4               1     -50.0000      -4.8519      -4.6674       0.0168       0.0196       2.0009               3
          2     A          2   e01    59653    2022.1999          4               1     -42.2100      -7.6743       5.6337       0.0124       0.0073       4.9870               4
          2     A          2   e02    59731    2022.4134          4               1     -42.2100      -7.7027       5.7804       0.0059       0.0143       5.0014               4
          2     A          2   e03    59811    2022.6324          4               1     -42.2100      -7.4181       5.9407       0.0060       0.0104       4.9653               4
          2     A          2   e04    59893    2022.8569          4               1     -42.2100      -7.7974       6.0465       0.0060       0.0183       4.9946               4
          2     A          2   e05    59969    2023.0650          4               1     -42.2100      -8.7732       6.1974       0.0119       0.0122       4.9855               4
          2     A          2   e06    60049    2023.2841          4               1     -42.2100      -9.2874       6.3926       0.0060       0.0138       4.9896               4
          3     A          1   e01    59653    2022.1999          4               1     -35.0000       5.6081       2.4728       0.0089       0.0110      10.0183               5
          3     A          1   e02    59731    2022.4134          4               1     -35.0000       5.4943       2.7108       0.0163       0.0287       9.9795               5
          3     A          1   e03    59811    2022.6324          4               1     -35.0000       5.6366       2.9138       0.0046       0.0100      10.0160               5
          3     A          1   e04    59893    2022.8569          4               1     -35.0000       5.1212       3.1142       0.0307       0.0156       9.9954               5
          3     A          1   e05    59969    2023.0650          4               1     -35.0000       4.0732       3.3228       0.0267       0.0116       9.9997               5
          3     A          1   e06    60049    2023.2841          4               1     -35.0000       3.4203       3.5488       0.0184       0.0117      10.0182               5
          4     A          3   e01    59653    2022.1999          4               1     -28.0000       2.7636     -11.0039       0.0196       0.0222       3.0111               5
          4     A          3   e02    59731    2022.4134          4               1     -28.0000       2.6045     -10.5679       0.0140       0.0099       3.0000               5
          4     A          3   e03    59811    2022.6324          4               1     -28.0000       2.6557     -10.1827       0.0099       0.0145       2.9909               5
          4     A          3   e04    59893    2022.8569          4               1     -28.0000       2.0440      -9.8349       0.0386       0.0262       2.9782               5
          4     A          3   e05    59969    2023.0650          4               1     -28.0000       0.9770      -9.4611       0.0173       0.0203       2.9847               5
          4     A          3   e06    60049    2023.2841          4               1     -28.0000       0.3328      -8.9980       0.0149       0.0273       2.9839               5
