# Spot table from e01_inverse.txt
# Beam: Beam 1.80 x 0.79 mas, PA -19.2 deg, dv = 0.425 km/s, r_geo = 1.19 mas
#          vlsr            x        x_err            y        y_err            I        I_err            S        S_err         bmaj     bmaj_err         bmin     bmin_err           pa       pa_err          rms sidelobe sidelobe_reason feature_id
       -50.4200      -9.0892       0.0600      -8.0952       0.0600       0.5056       0.0500       0.5471       0.0500       1.7912       0.0360       0.8025       0.0160     -18.5161       2.0000       0.0500        0                          4
       -50.0000      -9.1189       0.0150      -8.0491       0.0150       2.0084       0.0500       2.0009       0.0500       1.7539       0.0360       0.7663       0.0160     -18.2201       2.0000       0.0500        0                          4
       -49.5800      -9.0473       0.0375      -8.1294       0.0375       0.7916       0.0500       0.7854       0.0500       1.7338       0.0360       0.7961       0.0160     -18.1878       2.0000       0.0500        0                          4
       -42.6300     -13.2616       0.0200       3.1751       0.0200       1.4914       0.0500       1.4867       0.0500       1.8346       0.0360       0.7852       0.0160     -19.3280       2.0000       0.0500        0                          2
       -42.2100     -13.2666       0.0060       3.1370       0.0060       5.0035       0.0500       5.0017       0.0500       1.8684       0.0360       0.7731       0.0160     -21.0864       2.0000       0.0500        0                          2
       -41.7900     -13.2666       0.0086       3.1707       0.0086       3.5004       0.0500       3.5257       0.0500       1.9132       0.0360       0.7675       0.0160     -20.0115       2.0000       0.0500        0                          2
       -41.3700     -13.1795       0.0400       3.1531       0.0400       0.7348       0.0500       0.7718       0.0500       1.6503       0.0360       0.7886       0.0160     -15.2678       2.0000       0.0500        0                          2
       -35.8400      -0.0117       0.0200      -0.0182       0.0200       1.4701       0.0500       1.5243       0.0500       1.8009       0.0360       0.8049       0.0160     -21.5672       2.0000       0.0500        0                          1
       -35.4200       0.0176       0.0067       0.0104       0.0067       4.4946       0.0500       4.4800       0.0500       1.8014       0.0360       0.7852       0.0160     -18.8289       2.0000       0.0500        0                          1
       -35.0000      -0.0062       0.0030      -0.0128       0.0030       9.9765       0.0500      10.0092       0.0500       1.6878       0.0360       0.8063       0.0160     -18.0366       2.0000       0.0500        0                          1
       -34.5800      -0.0071       0.0050       0.0032       0.0050       6.0059       0.0500       5.9707       0.0500       1.9033       0.0360       0.7706       0.0160     -23.3586       2.0000       0.0500        0                          1
       -34.1600      -0.0985       0.0300       0.0148       0.0300       0.9949       0.0500       0.9797       0.0500       1.8455       0.0360       0.7785       0.0160     -22.4197       2.0000       0.0500        0                          1
       -28.8400      -2.9325       0.1000     -13.4360       0.1000       0.2979       0.0500       0.3465       0.0500       1.7455       0.0360       0.7337       0.0160     -19.1867       2.0000       0.0500        0                          3
       -28.4200      -2.8506       0.0200     -13.4655       0.0200       1.5065       0.0500       1.4859       0.0500       1.8023       0.0360       0.7434       0.0160     -21.0407       2.0000       0.0500        0                          3
       -28.0000      -2.8240       0.0100     -13.4311       0.0100       3.0148       0.0500       2.9884       0.0500       1.7599       0.0360       0.8307       0.0160     -21.0999       2.0000       0.0500        0                          3
       -27.5800      -2.8424       0.0125     -13.3588       0.0125       2.3704       0.0500       2.4009       0.0500       1.7953       0.0360       0.7850       0.0160     -18.1489       2.0000       0.0500        0                          3
       -27.1600      -2.9543       0.0500     -13.5314       0.0500       0.5771       0.0500       0.5698       0.0500       1.7526       0.0360       0.7978       0.0160     -21.5403       2.0000       0.0500        0                          3
