# Spot table from e02_normal.txt
# Beam: Beam 1.81 x 0.79 mas, PA -18.2 deg, dv = 0.425 km/s, r_geo = 1.20 mas
#          vlsr            x        x_err            y        y_err            I        I_err            S        S_err         bmaj     bmaj_err         bmin     bmin_err           pa       pa_err          rms sidelobe sidelobe_reason feature_id
       -50.4200      -3.6109       0.0600      -5.3236       0.0600       0.5044       0.0500       0.4907       0.0500       1.7051       0.0360       0.8079       0.0160     -16.5453       2.0000       0.0500        0                          4
       -50.0000      -3.6247       0.0150      -5.3222       0.0150       1.9842       0.0500       1.9916       0.0500       1.8702       0.0360       0.8140       0.0160     -16.5354       2.0000       0.0500        0                          4
       -49.5800      -3.4960       0.0375      -5.3046       0.0375       0.8124       0.0500       0.7926       0.0500       1.8036       0.0360       0.7833       0.0160     -18.0208       2.0000       0.0500        0                          4
       -42.6300      -7.7050       0.0200       5.7907       0.0200       1.5150       0.0500       1.5135       0.0500       1.8722       0.0360       0.7963       0.0160     -21.3919       2.0000       0.0500        0                          2
       -42.2100      -7.6976       0.0060       5.7944       0.0060       5.0014       0.0500       5.0057       0.0500       1.9359       0.0360       0.8450       0.0160     -21.7065       2.0000       0.0500        0                          2
       -41.7900      -7.7090       0.0086       5.7560       0.0086       3.5181       0.0500       3.4818       0.0500       1.7647       0.0360       0.7485       0.0160     -20.3253       2.0000       0.0500        0                          2
       -41.3700      -7.7782       0.0400       5.7696       0.0400       0.7236       0.0500       0.7133       0.0500       1.9150       0.0360       0.7691       0.0160     -22.1936       2.0000       0.0500        0                          2
       -35.8400       5.4658       0.0200       2.6979       0.0200       1.4902       0.0500       1.5112       0.0500       1.7754       0.0360       0.7706       0.0160     -22.5559       2.0000       0.0500        0                          1
       -35.4200       5.4726       0.0067       2.7216       0.0067       4.5043       0.0500       4.5327       0.0500       1.8118       0.0360       0.7901       0.0160     -17.7874       2.0000       0.0500        0                          1
       -35.0000       5.4824       0.0030       2.7411       0.0030       9.9795       0.0500      10.0413       0.0500       1.8931       0.0360       0.7957       0.0160     -20.7664       2.0000       0.0500        0                          1
       -34.5800       5.5303       0.0050       2.6521       0.0050       5.9941       0.0500       5.9999       0.0500       1.7912       0.0360       0.8081       0.0160     -17.1850       2.0000       0.0500        0                          1
       -34.1600       5.4129       0.0300       2.7358       0.0300       0.9874       0.0500       0.9695       0.0500       1.7526       0.0360       0.7920       0.0160     -18.1682       2.0000       0.0500        0                          1
       -28.8400       2.4504       0.1000     -10.6010       0.1000       0.3051       0.0500       0.3432       0.0500       1.7467       0.0360       0.7941       0.0160     -18.4453       2.0000       0.0500        0                          3
       -28.4200       2.5714       0.0200     -10.5973       0.0200       1.4964       0.0500       1.4933       0.0500       1.8125       0.0360       0.7867       0.0160     -19.0569       2.0000       0.0500        0                          3
       -28.0000       2.6014       0.0100     -10.5590       0.0100       3.0000       0.0500       2.9820       0.0500       1.8171       0.0360       0.7977       0.0160     -15.8137       2.0000       0.0500        0                          3
       -27.5800       2.6288       0.0125     -10.5607       0.0125       2.4179       0.0500       2.4066       0.0500       1.8259       0.0360       0.7581       0.0160     -18.1451       2.0000       0.0500        0                          3
       -27.1600       2.5712       0.0500     -10.6176       0.0500       0.6008       0.0500       0.5927       0.0500       1.7944       0.0360       0.7940       0.0160     -19.6949       2.0000       0.0500        0                          3
