# Spot table from e03_normal.txt
# Beam: Beam 1.82 x 0.80 mas, PA -21.6 deg, dv = 0.425 km/s, r_geo = 1.20 mas
#          vlsr            x        x_err            y        y_err            I        I_err            S        S_err         bmaj     bmaj_err         bmin     bmin_err           pa       pa_err          rms sidelobe sidelobe_reason feature_id
       -42.6300      -7.4321       0.0200       5.9332       0.0200       1.5196       0.0500       1.4599       0.0500       1.7324       0.0360       0.7616       0.0160     -21.5883       2.0000       0.0500        0                          2
       -42.2100      -7.4147       0.0060       5.9305       0.0060       4.9653       0.0500       5.0014       0.0500       1.7745       0.0360       0.8110       0.0160     -18.5961       2.0000       0.0500        0                          2
       -41.7900      -7.4168       0.0086       5.9584       0.0086       3.4894       0.0500       3.4955       0.0500       1.8106       0.0360       0.8197       0.0160     -20.7875       2.0000       0.0500        0                          2
       -41.3700      -7.4042       0.0400       5.9523       0.0400       0.7201       0.0500       0.7176       0.0500       1.7200       0.0360       0.7440       0.0160     -21.3565       2.0000       0.0500        0                          2
       -35.8400       5.6325       0.0200       2.8739       0.0200       1.4899       0.0500       1.5078       0.0500       1.8624       0.0360       0.8146       0.0160     -24.5826       2.0000       0.0500        0                          1
       -35.4200       5.6392       0.0067       2.9101       0.0067       4.4691       0.0500       4.4852       0.0500       1.8319       0.0360       0.7620       0.0160     -17.0481       2.0000       0.0500        0                          1
       -35.0000       5.6412       0.0030       2.9260       0.0030      10.0160       0.0500      10.0058       0.0500       1.8127       0.0360       0.8065       0.0160     -21.7267       2.0000       0.0500        0                          1
       -34.5800       5.6271       0.0050       2.8963       0.0050       5.9841       0.0500       5.9969       0.0500       1.8800       0.0360       0.7822       0.0160     -21.6445       2.0000       0.0500        0                          1
       -34.1600       5.6443       0.0300       2.9887       0.0300       1.0129       0.0500       1.0210       0.0500       1.8299       0.0360       0.8559       0.0160     -20.4103       2.0000       0.0500        0                          1
       -28.8400       2.6845       0.1000     -10.0805       0.1000       0.3199       0.0500       0.2983       0.0500       1.8731       0.0360       0.8022       0.0160     -21.6748       2.0000       0.0500        0                          3
       -28.4200       2.6380       0.0200     -10.2188       0.0200       1.5121       0.0500       1.5430       0.0500       1.7254       0.0360       0.8094       0.0160     -22.0811       2.0000       0.0500        0                          3
       -28.0000       2.6606       0.0100     -10.1841       0.0100       2.9909       0.0500       2.9867       0.0500       1.7422       0.0360       0.7843       0.0160     -19.1442       2.0000       0.0500        0                          3
       -27.5800       2.6607       0.0125     -10.1581       0.0125       2.3949       0.0500       2.3631       0.0500       1.8576       0.0360       0.7920       0.0160     -17.7708       2.0000       0.0500        0                          3
       -27.1600       2.7051       0.0500     -10.0997       0.0500       0.6312       0.0500       0.6017       0.0500       1.8087       0.0360       0.8258       0.0160     -21.6913       2.0000       0.0500        0                          3
