# Spot table from e05_inverse.txt
# Beam: Beam 1.81 x 0.79 mas, PA -19.3 deg, dv = 0.425 km/s, r_geo = 1.20 mas
#          vlsr            x        x_err            y        y_err            I        I_err            S        S_err         bmaj     bmaj_err         bmin     bmin_err           pa       pa_err          rms sidelobe sidelobe_reason feature_id
       -50.4200      -8.9117       0.0600      -7.9372       0.0600       0.4978       0.0500       0.5063       0.0500       1.7871       0.0360       0.7746       0.0160     -20.3779       2.0000       0.0500        0                          4
       -50.0000      -8.8888       0.0150      -7.9474       0.0150       2.0344       0.0500       2.0058       0.0500       1.8096       0.0360       0.7902       0.0160     -17.5250       2.0000       0.0500        0                          4
       -49.5800      -9.0120       0.0375      -7.9649       0.0375       0.8219       0.0500       0.8134       0.0500       1.8741       0.0360       0.7878       0.0160     -20.4262       2.0000       0.0500        0                          4
       -42.6300     -12.8712       0.0200       2.9158       0.0200       1.5122       0.0500       1.5213       0.0500       1.7642       0.0360       0.7962       0.0160     -20.8656       2.0000       0.0500        0                          2
       -42.2100     -12.8280       0.0060       2.8833       0.0060       4.9930       0.0500       5.0342       0.0500       1.8446       0.0360       0.7546       0.0160     -21.7379       2.0000       0.0500        0                          2
       -41.7900     -12.7856       0.0086       2.8525       0.0086       3.5039       0.0500       3.5412       0.0500       1.7468       0.0360       0.8031       0.0160     -18.4710       2.0000       0.0500        0                          2
       -41.3700     -12.8714       0.0400       2.8132       0.0400       0.7497       0.0500       0.7771       0.0500       1.7717       0.0360       0.8160       0.0160     -24.0671       2.0000       0.0500        0                          2
       -35.8400      -0.0440       0.0200       0.0176       0.0200       1.4868       0.0500       1.5133       0.0500       1.8084       0.0360       0.7383       0.0160     -19.8435       2.0000       0.0500        0                          1
       -35.4200       0.0318       0.0067      -0.0016       0.0067       4.5282       0.0500       4.4992       0.0500       1.7282       0.0360       0.8129       0.0160     -16.5986       2.0000       0.0500        0                          1
       -35.0000       0.0056       0.0030       0.0000       0.0030      10.0305       0.0500      10.0476       0.0500       1.8809       0.0360       0.8103       0.0160     -19.7962       2.0000       0.0500        0                          1
       -34.5800      -0.0101       0.0050       0.0655       0.0050       5.9931       0.0500       6.0089       0.0500       1.7704       0.0360       0.8169       0.0160     -15.9586       2.0000       0.0500        0                          1
       -34.1600       0.0938       0.0300       0.0719       0.0300       0.9817       0.0500       0.9879       0.0500       1.7634       0.0360       0.7947       0.0160     -19.3326       2.0000       0.0500        0                          1
       -28.8400      -3.1155       0.1000     -12.6996       0.1000       0.2774       0.0500       0.2757       0.0500       1.8631       0.0360       0.7986       0.0160     -18.7456       2.0000       0.0500        0                          3
       -28.4200      -3.1082       0.0200     -12.7706       0.0200       1.4853       0.0500       1.5134       0.0500       1.8134       0.0360       0.7932       0.0160     -17.6631       2.0000       0.0500        0                          3
       -28.0000      -3.1070       0.0100     -12.7843       0.0100       3.0033       0.0500       2.9631       0.0500       1.7182       0.0360       0.7837       0.0160     -15.5783       2.0000       0.0500        0                          3
       -27.5800      -3.0815       0.0125     -12.7520       0.0125       2.4019       0.0500       2.4178       0.0500       1.9101       0.0360       0.7920       0.0160     -14.6905       2.0000       0.0500        0                          3
       -27.1600      -3.2498       0.0500     -12.7021       0.0500       0.5798       0.0500       0.5792       0.0500       1.8016       0.0360       0.7669       0.0160     -13.7044       2.0000       0.0500        0                          3
