# Spot table from e05_normal.txt
# Beam: Beam 1.82 x 0.81 mas, PA -19.3 deg, dv = 0.425 km/s, r_geo = 1.21 mas
#          vlsr            x        x_err            y        y_err            I        I_err            S        S_err         bmaj     bmaj_err         bmin     bmin_err           pa       pa_err          rms sidelobe sidelobe_reason feature_id
       -50.4200      -4.8789       0.0600      -4.7380       0.0600       0.5252       0.0500       0.5432       0.0500       1.8734       0.0360       0.8061       0.0160     -17.2987       2.0000       0.0500        0                          4
       -50.0000      -4.8617       0.0150      -4.6522       0.0150       2.0009       0.0500       1.9674       0.0500       1.7972       0.0360       0.7981       0.0160     -16.4049       2.0000       0.0500        0                          4
       -49.5800      -4.8094       0.0375      -4.6592       0.0375       0.7970       0.0500       0.7729       0.0500       1.7918       0.0360       0.7821       0.0160     -22.5006       2.0000       0.0500        0                          4
       -42.6300      -8.7328       0.0200       6.2396       0.0200       1.4931       0.0500       1.4894       0.0500       1.8170       0.0360       0.7941       0.0160     -18.0959       2.0000       0.0500        0                          2
       -42.2100      -8.7871       0.0060       6.1833       0.0060       4.9855       0.0500       4.9771       0.0500       1.7891       0.0360       0.8267       0.0160     -20.4901       2.0000       0.0500        0                          2
       -41.7900      -8.7705       0.0086       6.1995       0.0086       3.4863       0.0500       3.5140       0.0500       1.7880       0.0360       0.8155       0.0160     -20.0273       2.0000       0.0500        0                          2
       -41.3700      -8.7175       0.0400       6.1546       0.0400       0.7318       0.0500       0.7109       0.0500       1.8370       0.0360       0.7916       0.0160     -22.0446       2.0000       0.0500        0                          2
       -35.8400       4.1038       0.0200       3.3476       0.0200       1.5026       0.0500       1.4916       0.0500       1.7923       0.0360       0.8148       0.0160     -23.4613       2.0000       0.0500        0                          1
       -35.4200       4.1046       0.0067       3.2995       0.0067       4.5250       0.0500       4.4724       0.0500       1.8317       0.0360       0.8077       0.0160     -21.7381       2.0000       0.0500        0                          1
       -35.0000       4.0942       0.0030       3.3378       0.0030       9.9997       0.0500       9.9774       0.0500       1.7815       0.0360       0.7980       0.0160     -23.4113       2.0000       0.0500        0                          1
       -34.5800       4.0145       0.0050       3.3154       0.0050       6.0118       0.0500       6.0068       0.0500       1.7615       0.0360       0.7684       0.0160     -18.3284       2.0000       0.0500        0                          1
       -34.1600       4.1234       0.0300       3.4611       0.0300       0.9975       0.0500       1.0204       0.0500       1.8338       0.0360       0.8300       0.0160     -21.0426       2.0000       0.0500        0                          1
       -28.8400       0.7649       0.1000      -9.5847       0.1000       0.2862       0.0500       0.3365       0.0500       1.8153       0.0360       0.8184       0.0160     -22.2803       2.0000       0.0500        0                          3
       -28.4200       0.9773       0.0200      -9.4173       0.0200       1.4972       0.0500       1.5070       0.0500       1.8085       0.0360       0.8187       0.0160     -18.3860       2.0000       0.0500        0                          3
       -28.0000       0.9544       0.0100      -9.4906       0.0100       2.9847       0.0500       2.9535       0.0500       1.8053       0.0360       0.8223       0.0160     -16.4048       2.0000       0.0500        0                          3
       -27.5800       1.0050       0.0125      -9.4516       0.0125       2.3955       0.0500       2.3746       0.0500       1.9106       0.0360       0.8428       0.0160     -17.7279       2.0000       0.0500        0                          3
       -27.1600       0.9697       0.0500      -9.3616       0.0500       0.6187       0.0500       0.6159       0.0500       1.8400       0.0360       0.8153       0.0160     -19.3184       2.0000       0.0500        0                          3
