# Spot table from e06_normal.txt
# Beam: Beam 1.80 x 0.80 mas, PA -20.6 deg, dv = 0.425 km/s, r_geo = 1.20 mas
#          vlsr            x        x_err            y        y_err            I        I_err            S        S_err         bmaj     bmaj_err         bmin     bmin_err           pa       pa_err          rms sidelobe sidelobe_reason feature_id
       -42.6300      -9.2758       0.0200       6.4028       0.0200       1.5002       0.0500       1.5084       0.0500       1.8229       0.0360       0.7535       0.0160     -18.6669       2.0000       0.0500        0                          2
       -42.2100      -9.2915       0.0060       6.3761       0.0060       4.9896       0.0500       5.0208       0.0500       1.7275       0.0360       0.7902       0.0160     -21.1697       2.0000       0.0500        0                          2
       -41.7900      -9.2865       0.0086       6.4118       0.0086       3.5009       0.0500       3.4527       0.0500       1.6942       0.0360       0.7997       0.0160     -20.4419       2.0000       0.0500        0                          2
       -41.3700      -9.2721       0.0400       6.4339       0.0400       0.7333       0.0500       0.7207       0.0500       1.7410       0.0360       0.8069       0.0160     -17.5101       2.0000       0.0500        0                          2
       -35.8400       3.4461       0.0200       3.5642       0.0200       1.4970       0.0500       1.4856       0.0500       1.8137       0.0360       0.7879       0.0160     -21.2561       2.0000       0.0500        0                          1
       -35.4200       3.4588       0.0067       3.5557       0.0067       4.4829       0.0500       4.4880       0.0500       1.8776       0.0360       0.7721       0.0160     -24.2333       2.0000       0.0500        0                          1
       -35.0000       3.3967       0.0030       3.5604       0.0030      10.0182       0.0500       9.9332       0.0500       1.8214       0.0360       0.8375       0.0160     -22.2556       2.0000       0.0500        0                          1
       -34.5800       3.4309       0.0050       3.5244       0.0050       6.0214       0.0500       6.0459       0.0500       1.7819       0.0360       0.8457       0.0160     -19.9288       2.0000       0.0500        0                          1
       -34.1600       3.5616       0.0300       3.5652       0.0300       1.0477       0.0500       1.0213       0.0500       1.7618       0.0360       0.8233       0.0160     -20.7237       2.0000       0.0500        0                          1
       -28.8400       0.1195       0.1000      -9.0897       0.1000       0.2916       0.0500       0.2898       0.0500       1.8021       0.0360       0.7925       0.0160     -17.9013       2.0000       0.0500        0                          3
       -28.4200       0.2893       0.0200      -9.0501       0.0200       1.5058       0.0500       1.5026       0.0500       1.7920       0.0360       0.8381       0.0160     -21.2444       2.0000       0.0500        0                          3
       -28.0000       0.3389       0.0100      -9.0125       0.0100       2.9839       0.0500       2.9812       0.0500       1.8214       0.0360       0.8133       0.0160     -21.2443       2.0000       0.0500        0                          3
       -27.5800       0.3522       0.0125      -8.9477       0.0125       2.4205       0.0500       2.3530       0.0500       1.7828       0.0360       0.7792       0.0160     -19.7615       2.0000       0.0500        0                          3
       -27.1600       0.3497       0.0500      -9.0249       0.0500       0.6062       0.0500       0.5942       0.0500       1.8041       0.0360       0.8001       0.0160     -19.1034       2.0000       0.0500        0                          3
