# Spot table from e06_inverse.txt
# Beam: Beam 1.80 x 0.80 mas, PA -19.5 deg, dv = 0.425 km/s, r_geo = 1.20 mas
#          vlsr            x        x_err            y        y_err            I        I_err            S        S_err         bmaj     bmaj_err         bmin     bmin_err           pa       pa_err          rms sidelobe sidelobe_reason feature_id
       -42.6300     -12.7406       0.0200       2.8326       0.0200       1.5082       0.0500       1.4964       0.0500       1.8839       0.0360       0.7943       0.0160     -16.7105       2.0000       0.0500        0                          2
       -42.2100     -12.7416       0.0060       2.8326       0.0060       5.0044       0.0500       4.9637       0.0500       1.8912       0.0360       0.8052       0.0160     -20.7140       2.0000       0.0500        0                          2
       -41.7900     -12.7249       0.0086       2.8713       0.0086       3.4937       0.0500       3.5230       0.0500       1.7540       0.0360       0.8086       0.0160     -24.5462       2.0000       0.0500        0                          2
       -41.3700     -12.7264       0.0400       2.8230       0.0400       0.7639       0.0500       0.7128       0.0500       1.7899       0.0360       0.8044       0.0160     -23.1446       2.0000       0.0500        0                          2
       -35.8400      -0.0146       0.0200       0.0018       0.0200       1.4899       0.0500       1.4938       0.0500       1.8209       0.0360       0.7913       0.0160     -17.9423       2.0000       0.0500        0                          1
       -35.4200      -0.0146       0.0067      -0.0067       0.0067       4.4835       0.0500       4.5288       0.0500       1.7032       0.0360       0.7958       0.0160     -19.3068       2.0000       0.0500        0                          1
       -35.0000      -0.0428       0.0030       0.0117       0.0030       9.9990       0.0500       9.9978       0.0500       1.7989       0.0360       0.8229       0.0160     -20.5276       2.0000       0.0500        0                          1
       -34.5800      -0.0192       0.0050       0.0444       0.0050       5.9829       0.0500       6.0279       0.0500       1.7907       0.0360       0.7778       0.0160     -18.4643       2.0000       0.0500        0                          1
       -34.1600       0.0129       0.0300      -0.0459       0.0300       0.9734       0.0500       1.0136       0.0500       1.7887       0.0360       0.8124       0.0160     -24.4544       2.0000       0.0500        0                          1
       -28.8400      -3.2734       0.1000     -12.5110       0.1000       0.2874       0.0500       0.2837       0.0500       1.7259       0.0360       0.7913       0.0160     -24.3982       2.0000       0.0500        0                          3
       -28.4200      -3.1683       0.0200     -12.5847       0.0200       1.4928       0.0500       1.4983       0.0500       1.8082       0.0360       0.7984       0.0160     -16.9558       2.0000       0.0500        0                          3
       -28.0000      -3.1648       0.0100     -12.5738       0.0100       2.9968       0.0500       2.9939       0.0500       1.7648       0.0360       0.8175       0.0160     -23.1105       2.0000       0.0500        0                          3
       -27.5800      -3.1581       0.0125     -12.5482       0.0125       2.3975       0.0500       2.4182       0.0500       1.8123       0.0360       0.7740       0.0160     -15.4291       2.0000       0.0500        0                          3
       -27.1600      -2.9681       0.0500     -12.5718       0.0500       0.5773       0.0500       0.5958       0.0500       1.8036       0.0360       0.7622       0.0160     -18.6171       2.0000       0.0500        0                          3
